type=PolyhedronInclusions;
style=individual;
tag= polyIncl0;
#mshFile=../../../MeshLibrary/sphere2D.msh;
#mshFile=../../../MeshLibrary/cylinder2D.msh;
mshFile=../../../MeshLibrary/cube2D_8nodes.msh;

# Transform y=A(x-x0)
x0=-1.461803107002443 -1.461803107002443 -1.461803107002443
-1.461803107002443 -1.461803107002443 -0.15393436900081436
-1.461803107002443 -1.461803107002443 1.1539343690008144
-1.461803107002443 -1.461803107002443 2.461803107002443
-1.461803107002443 -0.15393436900081436 -1.461803107002443
-1.461803107002443 -0.15393436900081436 -0.15393436900081436
-1.461803107002443 -0.15393436900081436 1.1539343690008144
-1.461803107002443 -0.15393436900081436 2.461803107002443
-1.461803107002443 1.1539343690008144 -1.461803107002443
-1.461803107002443 1.1539343690008144 -0.15393436900081436
-1.461803107002443 1.1539343690008144 1.1539343690008144
-1.461803107002443 1.1539343690008144 2.461803107002443
-1.461803107002443 2.461803107002443 -1.461803107002443
-1.461803107002443 2.461803107002443 -0.15393436900081436
-1.461803107002443 2.461803107002443 1.1539343690008144
-1.461803107002443 2.461803107002443 2.461803107002443
-0.15393436900081436 -1.461803107002443 -1.461803107002443
-0.15393436900081436 -1.461803107002443 -0.15393436900081436
-0.15393436900081436 -1.461803107002443 1.1539343690008144
-0.15393436900081436 -1.461803107002443 2.461803107002443
-0.15393436900081436 -0.15393436900081436 -1.461803107002443
-0.15393436900081436 -0.15393436900081436 -0.15393436900081436
-0.15393436900081436 -0.15393436900081436 1.1539343690008144
-0.15393436900081436 -0.15393436900081436 2.461803107002443
-0.15393436900081436 1.1539343690008144 -1.461803107002443
-0.15393436900081436 1.1539343690008144 -0.15393436900081436
-0.15393436900081436 1.1539343690008144 1.1539343690008144
-0.15393436900081436 1.1539343690008144 2.461803107002443
-0.15393436900081436 2.461803107002443 -1.461803107002443
-0.15393436900081436 2.461803107002443 -0.15393436900081436
-0.15393436900081436 2.461803107002443 1.1539343690008144
-0.15393436900081436 2.461803107002443 2.461803107002443
1.1539343690008144 -1.461803107002443 -1.461803107002443
1.1539343690008144 -1.461803107002443 -0.15393436900081436
1.1539343690008144 -1.461803107002443 1.1539343690008144
1.1539343690008144 -1.461803107002443 2.461803107002443
1.1539343690008144 -0.15393436900081436 -1.461803107002443
1.1539343690008144 -0.15393436900081436 -0.15393436900081436
1.1539343690008144 -0.15393436900081436 1.1539343690008144
1.1539343690008144 -0.15393436900081436 2.461803107002443
1.1539343690008144 1.1539343690008144 -1.461803107002443
1.1539343690008144 1.1539343690008144 -0.15393436900081436
1.1539343690008144 1.1539343690008144 1.1539343690008144
1.1539343690008144 1.1539343690008144 2.461803107002443
1.1539343690008144 2.461803107002443 -1.461803107002443
1.1539343690008144 2.461803107002443 -0.15393436900081436
1.1539343690008144 2.461803107002443 1.1539343690008144
1.1539343690008144 2.461803107002443 2.461803107002443
2.461803107002443 -1.461803107002443 -1.461803107002443
2.461803107002443 -1.461803107002443 -0.15393436900081436
2.461803107002443 -1.461803107002443 1.1539343690008144
2.461803107002443 -1.461803107002443 2.461803107002443
2.461803107002443 -0.15393436900081436 -1.461803107002443
2.461803107002443 -0.15393436900081436 -0.15393436900081436
2.461803107002443 -0.15393436900081436 1.1539343690008144
2.461803107002443 -0.15393436900081436 2.461803107002443
2.461803107002443 1.1539343690008144 -1.461803107002443
2.461803107002443 1.1539343690008144 -0.15393436900081436
2.461803107002443 1.1539343690008144 1.1539343690008144
2.461803107002443 1.1539343690008144 2.461803107002443
2.461803107002443 2.461803107002443 -1.461803107002443
2.461803107002443 2.461803107002443 -0.15393436900081436
2.461803107002443 2.461803107002443 1.1539343690008144
2.461803107002443 2.461803107002443 2.461803107002443;
A=1007.2417017654087 0.0 0.0
0.0 1007.2417017654087 0.0
0.0 0.0 1007.2417017654087;
inclusionsEigenDistortions=0.0 0 0 0 0.0 0 0 0 0.0;
inclusionVelocityReductionFactors=1;
phaseIDs=0; # ID of secondPhase 
